Given determinant is:-

  |                                        |
  |0.000      0.000   0.000   0.000   0.000|
  |0.000      0.000   0.000   0.000   0.000|
  |0.000      0.000   0.000   0.000   0.000|  
  |0.000      0.000   0.000   0.000   0.000|
  |0.000      0.000   0.000   0.000   0.000|
  |                                        |

Reducing determinant to upper triangular form through row operations:-
 
  |                                        |
  |0.000      0.000   0.000   0.000   0.000|
  |0.000      0.000   0.000   0.000   0.000|
  |0.000      0.000   0.000   0.000   0.000|  
  |0.000      0.000   0.000   0.000   0.000|
  |0.000      0.000   0.000   0.000   0.000|
  |                                        |

First column is zero so Det=0.
